------------TASK A------------
This is Q before decomposition
     0.739        0.6       0.08 
     0.255      0.413      0.178 
    0.0595      0.805      0.694 
     0.714      0.426      0.564 
This is R before decomposition
         0          0          0 
         0          0          0 
         0          0          0 
This is Q after decomposition
     0.697    0.00959     -0.628 
     0.241      0.261     -0.228 
    0.0561      0.948      0.207 
     0.673     -0.182      0.715 
This is R after decomposition
      1.06      0.849      0.517 
         0      0.799      0.602 
         0          0      0.456 
Q.T * Q = 1 check
         1   7.49e-16  -3.89e-16 
  7.49e-16          1   -2.5e-16 
 -3.89e-16   -2.5e-16          1 
Random square matrix
     0.432      0.258      0.401      0.574 
      0.96      0.174          1      0.975 
     0.951      0.352      0.936       0.43 
      0.99     0.0687      0.857      0.164 
Random vector of size b     0.442       0.59       0.55      0.153 
A before QR
     0.432      0.258      0.401      0.574 
      0.96      0.174          1      0.975 
     0.951      0.352      0.936       0.43 
      0.99     0.0687      0.857      0.164 
R before QR
         0          0          0          0 
         0          0          0          0 
         0          0          0          0 
         0          0          0          0 
A after QR
      0.25      0.601     -0.353      0.672 
     0.555     -0.167      0.744      0.334 
      0.55      0.511    0.00128     -0.661 
     0.572     -0.591     -0.568      0.018 
R after QR
      1.73      0.394       1.66       1.01 
         0      0.265     0.0456      0.305 
         0          0      0.116      0.429 
         0          0          0       0.43 
A.T * A = 1 check
         1      5e-16   3.33e-15  -3.22e-15 
     5e-16          1  -5.55e-17  -9.71e-17 
  3.33e-15  -5.55e-17          1  -1.01e-16 
 -3.22e-15  -9.71e-17  -1.01e-16          1 
Vector x    -0.433        0.9      0.547       0.31 
We see if Ax = b
Ax     0.442       0.59       0.55      0.153 
b     0.442       0.59       0.55      0.153 
We can see they are equal
------------TASK B------------
