A = 
      73.3       36.4       10.8 
      53.6       50.7         77 
      16.8       29.4       19.1 
      79.5       77.4       83.4 
      87.9       11.1        101 
      50.9       87.4       35.8 
      52.2       33.8       28.8 
      62.9       7.79       63.6 
      45.8       98.8       39.6 
Q = 
     0.398     -0.145     -0.771 
     0.291      0.113      0.428 
    0.0912      0.157     0.0691 
     0.431      0.187      0.201 
     0.477     -0.468      0.311 
     0.276      0.463     -0.105 
     0.283    -0.0315     -0.245 
     0.342     -0.336        0.1 
     0.249      0.599     0.0196 
R = 
       184        131        162 
         0        110      -3.53 
         0          0       70.4 
Testing if Q.T * Q is equal to the identity matrix: True
Testing if R is upper triangular. Test returns: True
---Checking if inverse works---
Random square matrix: A
      15.5         54       16.5       85.8       52.6       93.2         95       45.3 
      93.4       1.78       76.4       48.3       14.4       36.5       49.4       45.2 
      1.97       9.59       99.5       17.6       91.2       2.91       25.3       75.8 
      6.63       65.7       24.7       50.8       52.6       47.2       19.2         39 
      55.5       30.4       86.6       26.1       96.6       76.9       91.4       9.89 
      77.9       87.6         66       42.5       48.3       95.2       52.6       59.3 
      95.5       96.5       35.7       20.6       45.5       18.2       88.8       13.6 
      29.7       41.7       80.2       87.9       69.5       45.2       93.7       47.2 
The inverse matrix: B
   0.00322     0.0173  -0.000225     0.0154    0.00411    -0.0135    0.00604    -0.0176 
  -0.00907    -0.0123   -0.00346   -0.00277   -0.00514     0.0127    0.00245     0.0127 
    -0.018    -0.0117   -0.00464    -0.0146  -0.000919     0.0193   -0.00788     0.0262 
  -0.00378     0.0105   -0.00784     0.0208   5.27e-05    -0.0126   -0.00242    0.00548 
   0.00658     0.0115    0.00542     0.0257     0.0109    -0.0231    0.00513     -0.022 
   0.00274   -0.00236   -0.00329   -0.00384    0.00485    0.00959   -0.00757    -0.0028 
   0.00833   -0.00887    0.00345    -0.0235   -0.00346    0.00543    0.00429    0.00703 
    0.0148    0.00325      0.014    -0.0086    -0.0104    0.00193    0.00313    -0.0126 
Testing if A * B = I is: True
