------------TASK A------------
Symmetric matrix A
     0.534      0.907      0.677      0.638 
     0.907      0.369     0.0235      0.895 
     0.677     0.0235      0.595      0.778 
     0.638      0.895      0.778      0.733 
After rotate Jtimes
     0.534      0.907      0.677      0.638 
     0.907      0.369     0.0235      0.895 
     0.677     0.0235      0.595      0.778 
     0.638      0.895      0.778      0.733 
V
     0.467     -0.699      0.129      0.526 
    -0.654     0.0186      0.601      0.459 
    -0.436     -0.123     -0.789      0.416 
     0.405      0.704    -0.0261      0.583 
A
    -0.817   4.24e-22   3.58e-09   1.44e-11 
 -7.18e-17    -0.0132  -5.18e-12   5.68e-17 
  3.58e-09  -5.18e-12      0.493          0 
  1.44e-11   1.93e-16    3.6e-17       2.57 
V * V.T = 1
         1   3.61e-16   2.22e-16  -5.55e-17 
  3.61e-16          1   2.78e-17   2.22e-16 
  2.22e-16   2.78e-17          1   5.55e-17 
 -5.55e-17   2.22e-16   5.55e-17          1 
The diagonal matrix
    -0.817   4.24e-22   3.58e-09   1.44e-11 
 -7.18e-17    -0.0132  -5.18e-12   5.68e-17 
  3.58e-09  -5.18e-12      0.493          0 
  1.44e-11   1.93e-16    3.6e-17       2.57 
This needs to equal A
     0.534      0.907      0.677      0.638 
     0.907      0.369     0.0235      0.895 
     0.677     0.0235      0.595      0.778 
     0.638      0.895      0.778      0.733 
This is A
     0.534      0.907      0.677      0.638 
     0.907      0.369     0.0235      0.895 
     0.677     0.0235      0.595      0.778 
     0.638      0.895      0.778      0.733 
A and V * D * V.T is similar!
This is w    -0.817    -0.0132      0.493       2.57 

     0.534      0.907      0.677      0.638 
     0.907      0.369     0.0235      0.895 
     0.677     0.0235      0.595      0.778 
     0.638      0.895      0.778      0.733 
EVD on A
     0.534      0.907      0.677      0.638 
     0.907      0.369     0.0235      0.895 
     0.677     0.0235      0.595      0.778 
     0.638      0.895      0.778      0.733 
