------------TASK A------------
Symmetric matrix A
      0.65      0.643      0.112       0.95      0.138 
     0.643      0.753      0.603      0.485      0.997 
     0.112      0.603      0.795      0.686      0.414 
      0.95      0.485      0.686      0.155      0.463 
     0.138      0.997      0.414      0.463      0.448 
After rotate Jtimes
      0.65      0.643      0.112       0.95      0.138 
     0.643      0.753      0.603      0.485      0.997 
     0.112      0.603      0.795      0.686      0.414 
      0.95      0.485      0.686      0.155      0.463 
     0.138      0.997      0.414      0.463      0.448 
cyclic method on A
      0.65      0.643      0.112       0.95      0.138 
     0.643      0.753      0.603      0.485      0.997 
     0.112      0.603      0.795      0.686      0.414 
      0.95      0.485      0.686      0.155      0.463 
     0.138      0.997      0.414      0.463      0.448 
