------------TASK A------------
random square matrix A:
        85         81         96         51          7         26         37         61 
        81         85         88         58         89         34         19         73 
        96         88         17         28          4         86         96         96 
        51         58         28         75         52         88         49         83 
         7         89          4         52         51         75         20         82 
        26         34         86         88         75         73         82         45 
        37         19         96         49         20         82         76         83 
        61         73         96         83         82         45         83         32 
matrix V:
   -0.0961      0.253      0.513      -0.15     -0.359    -0.0583      0.633      0.329 
    -0.245      0.203     -0.575     -0.129      0.248      0.503      0.307      0.378 
     0.654     -0.428     -0.164     -0.174      0.208     -0.285      0.257      0.377 
     0.238     0.0505     -0.284      0.275     -0.751      0.124     -0.287      0.351 
     0.378      0.216      0.495     0.0133      0.303      0.522     -0.352      0.279 
    -0.348     -0.144     0.0563      -0.69    -0.0793     -0.181     -0.456      0.364 
   -0.0474      0.575    -0.0897      0.301      0.291     -0.584     -0.158      0.341 
    -0.425     -0.558      0.208      0.536      0.138     0.0317   -0.00676      0.395 
vector w      -133      -61.7      -36.9     -0.547       26.5        103        108        489 
-------------------------
Eigen value decomp: (V.T * A * V) = D. Matrix D
        85         81         96         51          7         26         37         61 
        81         85         88         58         89         34         19         73 
        96         88         17         28          4         86         96         96 
        51         58         28         75         52         88         49         83 
         7         89          4         52         51         75         20         82 
        26         34         86         88         75         73         82         45 
        37         19         96         49         20         82         76         83 
        61         73         96         83         82         45         83         32 
Testing if (V.T * A * V) = D: True
Testing if (V * D * V.T) = A: True
Testing if (V.T * V) = I: True
Testing if (V * V.T) = I: True
